1062
82
223
35612
8166
389732
14101
9708
240589
77303
2777
30
232307
6052
252813
41407
63
2125
0
651630
5036
80719
12205
42187
0
0
69132
1
6720
71898
135
0
312509
34143
3742
167836
76
18695
18631
0
5995
77
5448
16070
573
27059
668
4475
172598
20325
25795
9341
249607
4915
15
41006
7251
1821
0
17268
39497
80958
8063
1300
8677
6343
125022
29855
2059
6904
6625
104
20401
32044
0
101847
480
3909
94686
71727
0
17427
4192
45221
89
5258
317
16040
-1
5656
17279
448
127300
62391
1491
3543
8631
321
51
5932
0
28643
5648
114364
4404
3615
586
0
9444
0
195093
252
1352
3568
127566
2554
96597
112327
1237
171
1565
92038
3544
0
41118
9274
6491
20937
3402
23914
10393
0
499
114
1787
3679
587
7
42690
40069
92145
268
8581
2042
444
17251
16762
38625
9141
8737
260
2133
21282
91589
10328
19641
658
6126
56705
573
5720
1473
600
217655
8142
13959
5433
4693
37257
54294
746
22103
107995
9480
2000
5322
11799
41
4963
6048
91073
7639
840
28290
152788
12676
16273
4693
5821
22147
57214
73
112973
4970
61225
78
49882
8879
1937
4695
646
0
4035
5797
839
32732
-1
2112
209
2760
29778
27514
770
10633
55840
654
196
43776
1997
36794
203507
25886
16050
49519
18956
6785
0
21064
15751
45091
4911
1512
4638
744
3397
59872
27493
57273
0
1963
28129
327719
17207
0
0
4585
10464
332
5282
9888
22971
610156
6341
25537
0
21452
644
9588
8325
1675
4844
6210
13006
453
5009
16052
31350
33522
1203
43543
251
0
100899
795
2776
162868
1241
22905
2644
7915
9332
11575
40748
6453
710838
2838
72971
1754
0
1
191
952
30924
53720
17831
2697
17672
55820
14110
46815
13521
2764
25334
638
11898
10031
9650
1517
77686
234143
23866
36673
12217
8793
2056
0
22230
393
20418
6880
1345
8119
161202
21712
9952
249
3848
6213
4606
1618
610
50764
53670
659
16151
156648
37496
3074
90
7829
35278
1329
527
2926
8540
10423
26514
2152
115
6009
88461
4130
3309
1683
542
3478
16
86472
894
77949
948
104
127756
43957
11170
3401
41426
7532
7240
208106
17655
22771
42170
116379
31900
92872
10684
25846
6690
6521
0
2894
1367
39
128
16707
106925
148
205
2100
8915
4550
0
438
209582
2674
36668
645
879
16684
1992
175403
6779
4019
9134
124054
604
139210
3660
0
14533
54873
3173
8271
1168
8699
4509
157
61
2720
15
51580
308732
1070
0
977
504186
1878
48639
31714
113
134222
2409
115
362
1895
19068
15754
12320
218
22959
3594
20511
0
53
224
10727
200
1196
21942
0
62
15081
2336
5503
3321
580
39097
18373
11958
40857
64882
5937
13545
2531
115
1672
452256
30446
620
2793
40343
886
9097
16353
14818
62341
34
51831
65482
1102
2130
4011
43
567
141
2404
83331
62759
28840
32190
708
142354
3710
554
5024
63679
1069
2145
150825
967
133503
42441
1
12358
20686
11178
4724
7945
1273
37205
1428
8426
4488
12370
683
46482
8065
10418
67142
1426
55701
5330
1042
2636
13929
5240
32198
132178
26954
902
305
2641
126384
846
6322
360
35236
377
11452
10559
2917
19
14154
16188
812
35746
-1
394
42013
19071
41010
273
1327
1303
1850
8955
9917
68153
7029
8714
2206
107367
42741
2069
13634
34006
8893
3128
6800
2265
21
9401
24134
815
6053
1664
24321
925
70487
95104
51
73243
662
389864
12287
5491
718
20131
20481
1767
464
127501
1267
13394
2322
2054
6884
11715
21156
26
13591
297623
28924
126041
23078
1329
16715
0
1912
309
172
2962
6803
5355
110019
0
1612
5812
1691
1437
729
3333
983
170431
70502
22223
3716
14994
285
1977
1064
22518
0
952
8406
27367
10668
21189
7683
4564
2571
3088
83529
1576
4355
5406
2598
462
4955
9
4035
55026
8358
3888
415
46
7001
605274
45891
358
43
62272
16671
1222
73663
623
9458
1737
4722
68
24699
3468
8231
17434
2465
3116
10542
3215
3301
13252
14291
1572
2007
2527
51653
188757
6011
30833
1232
366010
848
2289
1619
964
15042
21866
50406
1552
3475
814
1258
2753
974
20191
67
663
5029
49344
8289
443
1079
35177
3397
11633
37809
197789
16004
10308
5347
0
5635
9164
21
0
60314
48
0
15143
16501
113666
0
984
2281
58898
351
489
408
722
26411
62793
28194
1650
0
4479
55951
-1
1253
344
1262
969
0
2122
4
1086
19599
5922
8732
2045
94
2139
15
22180
469
11132
16069
282598
19878
423
10500
3169
4719
5498
5613
13460
48
5808
32743
21298
2529
32697
11644
1733
13477
0
322
2560
6457
10153
-1
17247
9806
172
98136
11435
14385
159
4870
4724
17851
2820
10495
19
5318
10418
35955
319
346
741
9661
2839
62
991
962
481
43066
2760
51442
4664
12466
5738
8073
5978
38128
5159
0
2560
0
10726
685
5156
318
29062
256
734
5164
873
309
3207
2092
316
67
126
68
7008
46317
198452
1616
13809
2178
2753
535
1683
7598
4294
8445
878
0
488
7855
108107
6822
23630
18920
15889
33315
3350
1407
26868
10
29106
1947
2338
2187
775
10911
12302
0
339
88
1543
92
1942
1505
5118
7855
516
4116
8893
440
31984
50029
2856
226
855
11268
91
12033
0
126
148920
38464
10359
827
930
2382
88817
16013
0
2780
3525
4516
14588
17558
732
4698
2703
2514
7491
1168
33694
12835
3041
2978
185
5593
1759
1890
118315
595
11967
11020
62
14414
845
0
910
15148
9909
84
10657
349
5237
2596
621
32175
30552
0
19028
44716
2119
7097
13103
74
5352
1224
219389
1964
1589
3138
30911
1820
62
10512
8325
26738
2138
1560
9940
2615
451
164
3988
1094
569
4920
1125
625
22680
539525
17530
5473
2530
24853
47914
1567
70439
5881
12129
9753
11793
412
38886
99735
17262
0
9376
20488
1630
858